{"entities":[{"id":9,"components":{"Yogi::TagComponent":{"tag":"floor"},"Yogi::TransformComponent":{"parent":-1,"transform":[9.999992370605469,0.0,0.0,0.0,0.0,1.0,0.0,0.0,0.0,0.0,10.0,0.0,0.0,-2.0,0.0,1.0]},"Yogi::MeshRendererComponent":{"mesh":"cube","material":"test","cast_shadow":true},"Yogi::RigidBodyComponent":{"is_static":true,"scale":[1.0,1.0,1.0],"type":0}}},{"id":8,"components":{"Yogi::TagComponent":{"tag":"skybox"},"Yogi::TransformComponent":{"parent":-1,"transform":[1.0,0.0,0.0,0.0,0.0,1.0,0.0,0.0,0.0,0.0,1.0,0.0,0.0,0.0,0.0,1.0]},"Yogi::SkyboxComponent":{"material":"skybox"}}},{"id":0,"components":{"Yogi::TagComponent":{"tag":"top"},"Yogi::TransformComponent":{"parent":-1,"transform":[0.9999901652336121,0.0,0.0,0.0,0.0,-4.3711306574323316e-8,-0.9999980926513672,0.0,0.0,0.9999980926513672,-4.3711306574323316e-8,0.0,3.725290298461914e-9,0.5,-0.5,1.0]},"Yogi::MeshRendererComponent":{"mesh":"quad","material":"undefined","cast_shadow":true}}},{"id":1,"components":{"Yogi::TagComponent":{"tag":"front"},"Yogi::TransformComponent":{"parent":-1,"transform":[1.0,0.0,0.0,0.0,0.0,1.0,0.0,0.0,0.0,0.0,1.0,0.0,0.0,0.0,0.0,1.0]},"Yogi::MeshRendererComponent":{"mesh":"quad","material":"checkerboard","cast_shadow":true}}},{"id":2,"components":{"Yogi::TagComponent":{"tag":"left"},"Yogi::TransformComponent":{"parent":-1,"transform":[-4.371138828673793e-8,0.0,-1.0,0.0,0.0,0.9999978542327881,0.0,0.0,1.0,0.0,-4.371138828673793e-8,0.0,0.5,-2.9802322387695313e-8,-0.5,1.0]},"Yogi::MeshRendererComponent":{"mesh":"quad","material":"test","cast_shadow":true}}},{"id":3,"components":{"Yogi::TagComponent":{"tag":"camera"},"Yogi::TransformComponent":{"parent":-1,"transform":[0.9212055206298828,0.001234156545251608,-0.3890538811683655,0.0,-0.10505498945713043,0.9636285305023193,-0.24569344520568848,0.0,0.3746016025543213,0.2672072649002075,0.8878330588340759,0.0,1.75,1.5,4.0,1.0]},"Yogi::CameraComponent":{"is_ortho":false,"fov":0.7853981852531433,"aspect_ratio":1.377892017364502,"zoom_level":1.0}}},{"id":4,"components":{"Yogi::TagComponent":{"tag":"cube"},"Yogi::TransformComponent":{"parent":-1,"transform":[0.9999896883964539,-0.0000030826047350274166,-0.0000022385477222996997,0.0,0.000003082623834416154,0.9999999403953552,-0.000005594636149908183,0.0,0.0000022385650026990334,0.000005594572030531708,0.9999896883964539,0.0,1.4999940395355225,0.0,-0.49953898787498474,1.0]},"Yogi::MeshRendererComponent":{"mesh":"cube","material":"test","cast_shadow":true},"Yogi::RigidBodyComponent":{"is_static":false,"scale":[1.0,1.0,1.0],"type":0}}},{"id":5,"components":{"Yogi::TagComponent":{"tag":"directional light"},"Yogi::TransformComponent":{"parent":-1,"transform":[0.9396752715110779,-0.29619258642196655,-0.17100685834884644,0.0,0.0,0.49999871850013733,-0.8660233020782471,0.0,0.34201744198799133,0.8137914538383484,0.46984267234802246,0.0,0.0,5.0,0.0,1.0]},"Yogi::DirectionalLightComponent":{"color":[1.0,1.0,1.0,1.0]}}},{"id":6,"components":{"Yogi::TagComponent":{"tag":"sphere"},"Yogi::TransformComponent":{"parent":-1,"transform":[1.0,0.0,0.0,0.0,0.0,1.0,0.0,0.0,0.0,0.0,1.0,0.0,-2.0,-2.9802322387695313e-8,-0.5,1.0]},"Yogi::MeshRendererComponent":{"mesh":"sphere","material":"test","cast_shadow":true},"Yogi::RigidBodyComponent":{"is_static":false,"scale":[1.0,1.0,1.0],"type":1}}},{"id":7,"components":{"Yogi::TagComponent":{"tag":"point light"},"Yogi::TransformComponent":{"parent":-1,"transform":[1.0,0.0,0.0,0.0,0.0,1.0,0.0,0.0,0.0,0.0,1.0,0.0,-1.9794790744781494,1.6345778703689575,-0.43611735105514526,1.0]},"Yogi::PointLightComponent":{"attenuation_parms":1.0,"color":[1.0,1.0,1.0,1.0]}}}],"systems":["Yogi::PhysicsSystem","Yogi::RenderSystem"]}